#Saved Params
#Sat Nov 30 16:44:49 GMT 2019
maxIterations=100
maxImaginary=-0.34914304000000007
minReal=-0.6553084159999999
minImaginary=-0.7685734400000003
maxReal=-0.20232358399999997
